> round(df.lag.8010, 3)
                coef.youngest p.youngest coef.young p.young coef.midlife p.midlife coef.middle p.middle
cc8090_5                0.061      0.001      0.094       0        0.008     0.699      -0.007    0.734
cc9000_5                0.048      0.008      0.143       0       -0.001     0.940      -0.087    0.000
cc0010_5                0.162      0.000      0.173       0       -0.062     0.001      -0.041    0.045
lnpden8090             -0.063      0.000     -0.301       0       -0.374     0.000      -0.376    0.000
lnpden9000              0.036      0.000     -0.147       0       -0.436     0.000      -0.303    0.000
lnpden0010              0.004      0.552     -0.171       0       -0.334     0.000      -0.380    0.000
One_Transit8090         0.012      0.001      0.021       0        0.023     0.000       0.019    0.000
One_Transit9000         0.003      0.153      0.016       0        0.007     0.001       0.005    0.055
One_Transit0010         0.006      0.003      0.014       0        0.012     0.000       0.013    0.000
> round(df.err.8010, 3)
                coef.youngest p.youngest coef.young p.young coef.midlife p.midlife coef.middle p.middle
cc8090_5                0.060      0.001      0.094       0        0.013     0.552      -0.007    0.747
cc9000_5                0.048      0.007      0.145       0        0.004     0.819      -0.088    0.000
cc0010_5                0.163      0.000      0.174       0       -0.057     0.003      -0.039    0.056
lnpden8090             -0.062      0.000     -0.301       0       -0.369     0.000      -0.378    0.000
lnpden9000              0.036      0.000     -0.150       0       -0.433     0.000      -0.304    0.000
lnpden0010              0.006      0.426     -0.173       0       -0.333     0.000      -0.380    0.000
One_Transit8090         0.012      0.001      0.020       0        0.023     0.000       0.018    0.000
One_Transit9000         0.003      0.154      0.016       0        0.006     0.003       0.004    0.080
One_Transit0010         0.006      0.001      0.014       0        0.012     0.000       0.013    0.000
> round(df.lag.9010, 3)
             coef.youngest p.youngest coef.young p.young coef.midlife p.midlife coef.middle p.middle
f_ccity9000b         0.016      0.154      0.126    0.00        0.019     0.133       0.048    0.001
f_ccity0010b         0.070      0.000      0.067    0.00        0.024     0.039       0.017    0.190
f_pden9000b         -0.006      0.493     -0.140    0.00       -0.408     0.000      -0.312    0.000
f_pden0010b         -0.013      0.116     -0.129    0.00       -0.306     0.000      -0.384    0.000
f_pt9000b            0.004      0.662      0.099    0.00       -0.003     0.804      -0.011    0.346
f_pt0010b           -0.005      0.567      0.069    0.00        0.045     0.000       0.023    0.043
lncden9000b          0.065      0.000     -0.047    0.00       -0.090     0.000      -0.065    0.000
lncden0010b          0.119      0.000      0.019    0.03       -0.111     0.000      -0.024    0.004
> round(df.err.9010, 3)
             coef.youngest p.youngest coef.young p.young coef.midlife p.midlife coef.middle p.middle
f_ccity9000b         0.018      0.125      0.126   0.000        0.023     0.059       0.047    0.001
f_ccity0010b         0.073      0.000      0.067   0.000        0.027     0.024       0.017    0.184
f_pden9000b         -0.006      0.542     -0.143   0.000       -0.409     0.000      -0.315    0.000
f_pden0010b         -0.011      0.164     -0.130   0.000       -0.306     0.000      -0.384    0.000
f_pt9000b            0.005      0.644      0.099   0.000       -0.007     0.528      -0.013    0.262
f_pt0010b           -0.002      0.802      0.067   0.000        0.044     0.000       0.021    0.057
lncden9000b          0.064      0.000     -0.047   0.000       -0.087     0.000      -0.064    0.000
lncden0010b          0.119      0.000      0.019   0.027       -0.110     0.000      -0.024    0.004